75,pa4-A-Output.txt,,,,,
-4.76733031304024,20.383927022889214,13.360757414149449,-4.767028740284809,20.38346745183975,13.361229642648492,0.0007246733275302086
-6.133681851033217,17.363603736978806,12.295666194937008,-6.134194979421885,17.3637942913737,12.295260561030721,0.0006812859800400502
-0.2541861325925611,4.91609537941704,-21.87971414305347,-0.25551889690217666,4.914438955296476,-21.878251021998476,0.002580838002226239
-30.479948525171768,-21.3319108542527,-44.17280727324516,-30.482491082825934,-21.33429502259626,-44.17618039119013,0.0048504415042198
13.621901551958008,15.105496644869346,-16.419995164651016,13.622469342369355,15.105582120200708,-16.42008144678549,0.0005806346443490598
24.369597172412377,14.762473842398943,29.171015254952533,24.370479335768163,14.762955243895487,29.17124333556632,0.0010305243100249177
1.850393358053285,22.90659679987067,11.207491607703922,1.8514202291092845,22.905055631078277,11.207879746651782,0.0018921726282614213
26.14243632192199,-9.232478337959309,3.1986194818523703,26.142449602411933,-9.232848890628382,3.198747535295272,0.0003922796658118946
1.2786373043405979,-3.9273685988038767,-26.180796029324647,1.278284166325441,-3.927500384310441,-26.1803524187028,0.0005821204869311096
-5.9753186392678765,0.11327960323892107,51.08651970217244,-5.973756460761621,0.11380874638589766,51.08653878514183,0.0016494721322656372
23.234418458952288,15.577440267032703,32.07685796645876,23.232164443911024,15.57619078111261,32.07636380845083,0.0026241171863227437
-29.30899952677813,4.930643360822817,-40.319190059176606,-29.308520496928736,4.929802498834905,-40.31798056913033,0.001548994722835391
-5.290099285697388,24.19753317135418,30.19065069124259,-5.289765439572042,24.19875982915545,30.190766757158688,0.0012765633136282571
7.580880805711837,23.725685050073636,22.847343646384836,7.581033689940076,23.72268397972799,22.84694956519171,0.003030692461062376
-19.828708782206096,2.399362550553809,-9.816855710336657,-19.8307207040276,2.402407914755944,-9.814512041679073,0.004337609401043821
20.99601521644655,-16.876407584109824,-10.541825493717692,20.99431432618809,-16.87342378837164,-10.541923168847095,0.003435928565824186
-8.02329903791541,-0.5885248384615073,26.399646808704166,-8.022177262830306,-0.5883565943991679,26.399409956450178,0.0011587857421842824
15.839782777561755,-12.668026480974484,3.368444947298313,15.838718464546771,-12.664875529058126,3.3669499117342276,0.003646421740686299
23.606946091676512,8.861753967762986,42.849015292829876,23.60731697738789,8.861783109973057,42.84908463656356,0.00037843629941166615
-43.550325729897125,-14.436962060597205,-26.349411761649563,-43.55100845276047,-14.4371455670709,-26.349365068899868,0.0007084951283506761
-40.59701204987,0.9067911422639057,-28.052004538707525,-40.59353870474659,0.9043759580143769,-28.05187453699794,0.004232510100399728
-8.13635916212515,6.743137747487748,32.84037272241778,-8.13859805557151,6.742336175592551,32.84071598999284,0.002402705557368647
-15.387762276881118,-31.249261106686962,-32.32091110968074,-15.38748372589447,-31.250149428749857,-32.32112573155502,0.0009553896003765609
-32.8143795016576,-15.01815456033145,-7.8782245470964565,-32.81492794746826,-15.018555219645279,-7.875670859948926,0.002642468304532253
35.17922706119503,14.972461181006153,-3.196173823138166,35.18187043468081,14.975043778551395,-3.196043449315264,0.0036978684129809884
-5.678989269347904,0.09046968504147145,62.161411537182026,-5.681392211599939,0.09044508683307492,62.16117218717176,0.0024149585847151422
20.84061880975765,-4.749396604861898,26.74220970201641,20.840249343048747,-4.748681865817704,26.742118551173004,0.0008097320708341474
0.6613016867017955,1.7177967586806215,-24.020207697320572,0.6624840543080385,1.7187600278238686,-24.021326010050362,0.0018911647099700698
2.645680544674803,18.624765827692293,55.547240006847424,2.646145720233046,18.623274243155976,55.54715718209852,0.0015646317994975998
38.49945678138968,3.3068121723944124,-12.274719188280118,38.50256931910495,3.3069597222426066,-12.276024986833328,0.0033785754169812694
-8.575995665889126,-20.6848373840506,-9.69420845461035,-8.576077947187704,-20.684703841466035,-9.694415424030272,0.0002596924619044994
-39.618074148197046,-20.679899752780155,-33.03979022977453,-39.6178754037923,-20.679788658963727,-33.039709842598555,0.0002414607059734472
22.15980519689615,10.011824092015308,51.79097690859071,22.15671807753164,10.011068405598829,51.79059938760693,0.0032006077585336975
-14.831503906699574,11.110556422848873,-28.646423637126293,-14.83010614052134,11.113646920790094,-28.646944666388237,0.003431675874191536
28.19656548965358,11.290929420052095,21.29230203556232,28.197731827190207,11.291259539727083,21.29269194213111,0.0012733221829323536
14.506123990232435,-16.63470890500238,-11.291168029145009,14.505458403221292,-16.6369742455181,-11.292029066918609,0.002513197121025562
-6.861012669409914,3.244192134338324,36.906942896205976,-6.861167583559169,3.244173071738761,36.90695343569133,0.00015643802956133196
0.016072373538871088,17.102334799805732,59.60234205703599,0.016160074438217223,17.102189560457536,59.602328965215605,0.00017016848054671562
-8.178592802222322,8.193187298387414,-14.129960231980586,-8.178720727445478,8.194953305134078,-14.129913864235748,0.0017712409942586143
-22.85042537964675,3.75313973911802,-13.329395555603726,-22.85042590881646,3.7531406510724357,-13.329392961135888,2.8005258087147553e-06
32.32184902798197,6.646341397603411,-25.70087103369481,32.32242281561727,6.6463062731680855,-25.701198870899034,0.0006617727773626382
21.062141844255535,11.525447171778541,58.0664955796822,21.06328304594856,11.525831374545726,58.06669118077977,0.001219923300803938
2.523308833594045,18.27503192597576,2.4668450759609355,2.523898353408323,18.274605039331735,2.4672177054489106,0.0008176909890550532
-9.78293398242014,7.201174297057618,-7.632972933295885,-9.782112201757911,7.199053419361875,-7.632818980588789,0.002279725223164463
21.264342639210813,10.293011263950294,58.90959848011982,21.263344536864654,10.29283841691037,58.90947668742048,0.0010202538185329509
21.11557408913755,10.600599886575816,59.496239858058665,21.117369104816188,10.601190359484344,59.49655548210511,0.0019158178621559152
36.17228987681359,-2.8075915940380765,-6.4883727621592735,36.17177416249324,-2.8070748499628784,-6.488460164267486,0.00073527194152015
9.018612556022521,18.600535432490894,-9.518137742151161,9.019213868486512,18.600448021420885,-9.517767246385203,0.0007116772352009006
-40.84076069771251,-14.758879483140108,-16.229892356433947,-40.8405244549027,-14.758831491182892,-16.230000348546255,0.00026415183032924006
14.296799080024142,19.728579694196075,56.64181502404848,14.295717611298095,19.727164394688394,56.64157291205179,0.0017975721183867235
-33.13906616912721,8.073059178949691,-29.679199394555347,-33.1397872458023,8.074281657038805,-29.679396681045475,0.0014329431980753867
5.608884766202555,24.521550948118204,7.340089005706791,5.606222766198265,24.525242987391472,7.3392359635008315,0.0046308831796264965
-7.317648069747257,-24.674330170186,-37.310776389974926,-7.317882482746068,-24.67410693959364,-37.310597606616916,0.00036979026552725605
-13.157030728061843,-21.493729113062308,-44.184097000818724,-13.157151401645798,-21.493465404808383,-44.183188371658574,0.0009537877687037438
-15.681435384635853,9.610202648901897,-36.3925775831751,-15.681434496640158,9.61020458689935,-36.39257838451891,2.277393772318503e-06
-14.855884919749068,21.55552074744269,27.187945133274933,-14.854013313420985,21.554228515592396,27.187541617935874,0.002309891346164478
-19.127301897542335,11.262831730943903,-33.73250292711985,-19.127791317172104,11.259900824218137,-33.73171153034549,0.003075069863207987
12.912853801607737,23.697685630853734,-12.042829514153333,12.91490360211414,23.69401952739,-12.041411144999493,0.004433257017070884
-0.15997772498595228,-11.251932149327242,-31.453668809416584,-0.15910042604273153,-11.251779769972943,-31.453853057696115,0.0009092966138191689
31.32656861666153,19.53503100239587,-2.8240310768835837,31.329271534440924,19.53687508033953,-2.8240867234960483,0.0032725348783397136
-43.87034181661245,-10.511676539731253,-23.712434930990103,-43.86975927602374,-10.511586487647477,-23.712602044380485,0.0006126906238318513
-34.187712771253146,-20.257642497763744,-10.870180738365123,-34.188131340175396,-20.257964115035424,-10.869729768726428,0.0006942702839250688
31.19879081635977,-6.131638495741718,-23.4244104526462,31.203390288432217,-6.135317093912444,-23.428456922273945,0.0071457081031304605
-10.475856994855423,-11.011735037253551,-46.940332000457296,-10.476421816304702,-11.011588510441127,-46.93851132509245,0.0019118975287619052
-20.51458136161655,-11.184522081741527,-49.509963382900914,-20.514694509133413,-11.184437852286557,-49.50878661076853,0.0011851960231151605
-27.323944457205236,4.984030484224019,-14.269176187464364,-27.32394526418587,4.984369811938547,-14.268521802079238,0.0007371324042058513
38.28352916814147,0.24429473011008965,7.100417264998148,38.280813372991375,0.24531940044221268,7.099401487299751,0.003075271844792787
34.11592381499307,0.1570617872691437,-22.550937995192918,34.11488001539901,0.15705336548944857,-22.5502109243704,0.0012720929603940421
1.1576158099833895,18.902545098327575,49.080448718161385,1.1572425249692688,18.904239324205985,49.08067623548209,0.0017497163084512636
22.46370287720245,-12.812838194857706,-20.8498414771105,22.46291615184374,-12.8111002423175,-20.848821022684856,0.0021635024975393334
-3.7408266534757826,-16.943367254387123,-39.63414879719872,-3.7400990450668625,-16.943768917162277,-39.63488928574588,0.0011131353332586062
-6.144037098771096,15.374187637171145,10.872432705752788,-6.144545927620878,15.374573893400129,10.872136883074473,0.0007039969671836512
15.423999070056295,11.278167224425896,63.17966586366229,15.424005060140473,11.27816696602093,63.1793983891181,0.0002675417344455714
26.21310900702866,6.497880795932784,30.84755180752561,26.21080134756753,6.497701461453042,30.846937121125837,0.0023948470544558798
-39.69549377349926,2.0992561847318596,-29.51633152141824,-39.69770773579285,2.1008386242494823,-29.516434916659428,0.002723313136652527
