200.0,pa4-K-Output.txt,,,,,
-30.550152212551236,9.013982978129231,-20.14182902587649,-30.56809751019244,9.060100676600717,-20.129784521733196,0.050930795200899985
-9.108169907496439,3.5648682219111762,25.64473067211757,-9.008231587941497,3.5875011052622767,25.61882891934081,0.10569208069273436
34.06046738875667,-6.439617555674565,-12.934821113126564,34.079954779807096,-6.459498908790453,-12.930812107752555,0.028126477485807332
-7.66488511619832,5.635149607888296,-30.392297687512787,-7.676821835263453,5.624254817289759,-30.387132907250553,0.01696633959883943
-9.166543206689262,4.275092328513067,25.43370096918627,-9.207159001349243,4.265886953850479,25.444234652813254,0.04295742298245872
14.970988079018088,-7.493938268260455,16.66186753223215,14.974115535962449,-7.521554302870316,16.66692222446076,0.02824847372934957
-1.7526811963354552,-6.319818029410139,-31.171522236007377,-1.7185833466677412,-6.30749187995313,-31.186002369217032,0.039041920677239265
-2.977775529342397,-6.030455482416878,36.21066249030385,-2.952653139976724,-5.941433857354211,36.188079715960455,0.09521536574147632
19.317071442034226,-10.605077042092251,-21.05094164591932,19.316551990683852,-10.605584084478489,-21.051443423838773,0.0008824413676230551
12.577211696461136,24.956425027925466,13.935697928323648,12.552647197711554,25.21006484885924,13.998612089932275,0.2624781230751462
-31.1450223459609,5.696549642400486,-38.342403283867725,-31.156347224642914,5.718833666396855,-38.35229111166717,0.026881215397084643
-23.552497831776986,-10.62810196252474,-5.24548172101149,-23.588994614056894,-10.630509046904967,-5.194214551617471,0.06297723262954304
-11.586908119364535,-30.100684593066507,-31.239108440548158,-11.618752718264863,-30.047935661180876,-31.224669000886802,0.06328527247259952
-7.836708884027453,-27.360179093513217,-32.401810859907584,-7.776589735671921,-27.451683395098033,-32.416405587598064,0.11045521845471094
-14.496859271520483,11.100104198662734,-22.87706329571339,-14.501385536395125,11.079919651224273,-22.881077651172024,0.021071736491310947
9.319908019338698,-14.339494212328965,1.8231899699148544,9.335762147315336,-14.262968051127837,1.7937609160257164,0.08350853809575856
16.464655465466535,25.953152440760835,-9.828075878430123,16.456527995855474,25.978515823945727,-9.832946839813582,0.02707550985044166
31.705312523931195,-8.285764625815222,-11.061495612789717,31.684536038252467,-8.264241315408732,-11.069681415298566,0.031014877248281218
18.427238841262714,-1.566055969320359,58.06625256924536,18.45410482755139,-1.5900558983255149,58.070257019023344,0.03624656438257689
31.99361222751541,-6.866180759959908,6.379858624407271,31.9851602076468,-6.8516035295266455,6.372839133639923,0.018253918417610145
-4.211482859658462,16.29953081924755,46.21316118905649,-4.250168518514172,16.325630947415092,46.22463639504187,0.04805702075523885
26.649138745914602,3.1140891126884895,-30.0115476461526,26.64450057623421,3.1163496845736867,-30.02502220327815,0.014428669133426397
12.302362533663256,-16.875540740574394,-8.39969400467715,12.299322197352886,-16.883767099846757,-8.40228845298691,0.009145916782373906
-31.541875985732474,8.951566098870599,-21.937732267205725,-31.54666266411397,8.9587421616526,-21.935664981721395,0.008870278251151125
-2.155889816642748,-19.11370196021792,-35.92429112010039,-2.1081521022156013,-19.127261433584067,-35.95728518146841,0.059593261215105615
14.1437046889465,-12.215755701334228,4.846405738816572,14.147752822201145,-12.234848312669175,4.860460326287802,0.024050917226194082
-28.35775711024889,-30.306180124560537,-33.716406197689004,-28.38484821932705,-30.37376661920391,-33.74461135351164,0.07808580706019952
27.931347780918887,-8.163129073551605,6.287052021154246,27.909827830304284,-8.053511804604023,6.248778165183857,0.11808446966821673
12.326469108678296,25.49852033560521,13.142547788126281,12.335329012504053,25.406966272463368,13.119849660600385,0.0947409592877508
22.99535512007493,12.990178043044578,40.859126604331344,22.93952847290564,12.962556077923908,40.85088054636358,0.06282980951189064
-16.161594095669788,15.242133426760946,20.779683203734294,-16.048725964228538,15.267185557218118,20.859114990275472,0.14027199666578408
-19.194990367184367,11.975548896902627,-22.711485495277053,-19.195436763447137,11.928081968167904,-22.70941800890991,0.04751403048583424
24.87190863168325,16.39365852574262,-27.693706644051204,24.892595700847487,16.417862532135757,-27.740920749561194,0.05694699742035201
-4.078517873895049,13.736367219695024,5.5385132922307845,-4.035618096828763,13.70096618093108,5.558013803287983,0.058939751860652076
-12.900212321937465,-23.81454629306686,-10.774355498635028,-12.92088471315575,-23.790618144287592,-10.794037253008256,0.03724614769198576
9.045179667330864,13.604326239790248,-9.788964615717909,9.030841015999393,13.612473527776869,-9.812555268319873,0.028783573678905394
3.6488927161937728,22.877085667118322,8.440009997853545,3.5373331039691185,23.025716998927866,8.384423552208942,0.1939759593727893
-5.30472142793082,0.7162772210485625,-35.84971208453129,-5.3556146845875165,0.6888672312640193,-35.83723669706031,0.059135999236204134
19.631080768975853,-11.584862888555008,-20.57940049422965,19.704687974521512,-11.53156218428568,-20.51993907131317,0.1086031610916528
14.268770365387983,26.30826602144248,8.666671000735898,14.279578989019964,26.400178080346826,8.679877545973152,0.0934829703954571
21.612656798181764,-4.028834634166688,27.551005366425162,21.708629448022513,-4.1544985588396335,27.59272331453889,0.16353152196590087
19.480998067173413,7.953449691379054,62.6045359535844,19.495402134005136,7.940083882920402,62.6532066508744,0.05248770095689838
21.236540418173046,21.606518980470668,-26.795402880893818,21.178537683412184,21.546137666333774,-26.72938570838711,0.1066231091387704
32.70561024606152,4.173439807712035,15.180917200305087,32.6935634120001,4.173390007125232,15.17228942298135,0.014817801204960743
-10.594722184359886,6.627169417655933,-5.881714669694598,-10.663083171904443,6.74007294108146,-5.868138882399796,0.13268282564310832
-4.292128041390852,24.705676463024282,25.598839868113604,-4.306756721898386,24.63775845846782,25.59976455298996,0.06948171470569481
1.3478661632510014,-2.5943739779387376,-25.69009151635422,1.2979199734756337,-2.6218031285811447,-25.64550434075437,0.07235327501925927
-31.20290799705781,4.055770984712586,-39.89851993757401,-31.264675116365062,4.1198320287041605,-39.97226377653028,0.11557312909502475
9.102343543956106,-13.008878001402092,-19.286751144643627,9.129001864951473,-13.05621978212704,-19.32426472897506,0.06602408113629905
20.233393206887197,1.6114943418879513,59.534576363358795,20.256093039112603,1.6004473593918502,59.537563953412345,0.02542132765334621
2.7122442225974255,-3.3358519534243154,63.40673843852817,2.7120912013298875,-3.336147454435616,63.40023287652318,0.006514067343584559
-17.68113646778207,11.290100614377224,-21.83406751293176,-17.711942801427817,11.217985439791477,-21.866316131421527,0.08479152075959193
-34.843190206488245,3.8949451521274976,-15.678491549965516,-34.84624245404304,3.897413114309299,-15.673506655162427,0.006344779638759657
31.41625695928812,18.622453878287438,-15.388700087143247,31.471556191396107,18.65437066995502,-15.395679256912725,0.06422924157077521
-32.564847547058264,-14.048936065285522,-7.34940343444929,-32.526820908930176,-14.019655465088878,-7.424090810277785,0.08877827923172706
14.538609699104507,6.167178599425703,63.069661033802134,14.540255762211098,6.166322729693136,63.04586286772,0.02387037380567542
25.83641627630812,3.844352491986895,31.362964380288755,25.926885755423985,3.837829500492928,31.38590240999556,0.0935597631268717
0.6915236631453046,3.1893674232179796,-22.627160360174283,0.7272900156369446,3.2185104569790606,-22.66098400569179,0.05720653269907035
-36.30349066285018,4.502175864803833,-32.508234956457656,-36.33805468179317,4.537407162893876,-32.524542143503844,0.051979227773794316
-41.04119593856836,-9.05100696307124,-14.83188498386375,-41.01377374441617,-9.04667841919438,-14.851365111393877,0.03391442750223319
29.17957765379517,-11.02972551401824,-12.004237945023462,29.0888471170505,-10.925510134196971,-12.036255336276168,0.1418378970229622
-37.13671237202342,-16.92252317538622,-11.379574871721285,-37.08982522792626,-16.903155235931738,-11.41687450995982,0.06296653375425319
10.712340576884566,-3.2368630151397606,-21.930687687197413,10.712399866236597,-3.2364464840757883,-21.934655994937824,0.003990548793975476
31.84435502757411,-6.5401994401658285,-22.041817744052157,31.920276618541077,-6.623544451998973,-22.10333601943549,0.1284327729925763
-2.3179118240057788,-10.371619040727529,13.63542801350647,-2.3504199613624817,-10.460173875173151,13.646454208233097,0.09497533715782724
-8.13359747781811,24.79396081472449,22.88802755814085,-8.135013120650804,24.70767940238049,22.911979194179484,0.08955538526315232
8.517723484717024,-7.073475792510141,58.019037164710674,8.527064719244112,-7.175461021522312,58.016252800163876,0.10244997942940094
10.348225922094949,1.150803402908744,63.20759734728551,10.348258793321722,1.1493782313270504,63.190782070380614,0.016875595750759306
24.34980538251889,19.81508826744344,18.633396515044147,24.333216140822824,19.798795394438788,18.625321989522764,0.02461419535941694
-3.0368057558381345,-5.253467476759713,43.14089440499073,-3.012198585725512,-5.224813922686102,43.14028083542297,0.03777453440633543
-10.37819802920383,10.85206119056834,13.405991370927591,-10.402936670423466,10.860593432256147,13.397753662276044,0.027434637986330425
-15.749826942936654,13.846930804141776,25.80699155803361,-15.582267669080654,13.91617279713411,25.825280412464256,0.18222251794189845
-27.636740974772717,-14.86063744991571,-6.584480978413558,-27.63700148100634,-14.846644904624418,-6.623979369200219,0.04190443964501242
27.50096064740793,2.7006822522985394,-30.41554900305768,27.508904948757657,2.6968404726382698,-30.392455454356252,0.024722119377571048
8.24090992569657,-15.918100817975892,-14.601511179399095,8.219047249625673,-15.873775751533987,-14.58934509185932,0.05089893718031693
-10.648441578617462,-26.86136832135968,-37.99982653134488,-10.669123204660508,-26.83029516509389,-37.97807844168594,0.043200116897019185
10.663762828405325,-3.7674775234966056,63.29142079495716,10.665520561311043,-3.7669563533502566,63.34419495568506,0.052805996665381175
19.512261232355595,14.518922772226915,-31.22008190051277,19.510964509500912,14.519445361424234,-31.24735330479193,0.02730721664667634
11.920900719711597,-16.798041364281776,-6.404951582169414,11.864059162188072,-16.93627931650909,-6.415508665227808,0.14984040209637506
-11.94332550481765,1.605645768379813,12.904002186296964,-12.063224287663411,1.5964620730607106,12.921151112635538,0.1214666376507348
-19.507325164076388,-20.8264870074205,-46.66767276953236,-19.49680438841589,-20.849298800994703,-46.72791768406814,0.06527261580473999
35.761501067683625,10.440730066367403,-15.648357130037525,35.76076395904306,10.440434260405674,-15.648236541115644,0.0008033504858210843
18.7991000976037,26.549730963931115,-4.618895581870611,18.796534615644035,26.529891152845,-4.616029625057863,0.020209243184017442
11.4527683855635,20.73890878357251,-13.715585991029643,11.560349942957801,20.69444873365577,-13.677192384177493,0.12257469794822867
-7.000439685556126,8.303809297330352,-10.432902945132481,-7.029200688191928,8.393290779456299,-10.425910038567164,0.09424983638343187
-6.019427630181628,-25.576878347591787,-33.26818549559883,-6.052564539954183,-25.54143522287207,-33.25341865890596,0.0507181362540664
14.571431857080679,13.049933674050171,-22.359215303648178,14.46719527891532,12.971479271925693,-22.327768409403056,0.13419860132652914
-1.6558819930831454,-7.006421354511161,32.13510764656965,-1.6566164594439483,-7.010604806611219,32.135789490961685,0.0043018163702774745
38.112490547904855,0.6126526840273505,-13.041529710309405,38.141439313725705,0.6119048483643409,-13.052120651351625,0.030834369344766126
20.441017879336453,-12.096472454384957,-20.891167291025983,20.42841616727843,-12.105590698239787,-20.90134671090031,0.01858940845662336
11.714850158789528,21.618554918788295,-12.711387032273741,11.621915658582619,21.655855194899303,-12.749585468954383,0.10717860090292992
-20.582244359524207,-15.866821958684564,-5.920229737617161,-20.590326173131466,-15.878593479658806,-5.881829211665879,0.040969315475907764
1.0000433432905271,19.501520341196013,45.55523191612339,1.0120516565662605,19.43116946796181,45.555935548764715,0.07137184354797897
9.696579193086583,-5.542701905127058,63.38217929130909,9.696815414167578,-5.542693160886408,63.389223617297326,0.0070482909623211625
9.08908643918462,-6.640662904559103,34.77318893133602,9.083101521179024,-6.600921831301436,34.772915156551235,0.04019013684771134
-14.261057146572169,-23.87198939313139,-43.51354094453041,-14.283574884202359,-23.742855643463464,-43.383086531016595,0.18493492860061495
-6.0303513923453185,5.287389809359768,-26.876508251357922,-6.034552239653255,5.2811903567874365,-26.87320684372053,0.008184107934855491
21.644373909610014,17.62390688158147,-28.98866264305327,21.677475946962414,17.663512278759068,-29.04444767131052,0.07600198510656317
-11.966056899787409,9.756073431204607,20.20912155346782,-12.141831402409524,9.724598448181247,20.202796224563624,0.17868228819365295
23.31100581504793,11.660243365303321,40.98985080522081,23.345421717846328,11.67076397338922,40.99346036612632,0.03616858429434015
14.160894873051223,19.093464211348778,60.30157750979865,14.222921217828262,19.184330369549038,60.31247774159255,0.11055650684440063
-15.020257717564087,0.9112619473555312,3.5386434083719687,-15.029232173465106,0.91637640346707,3.5422888413862323,0.010953889806716998
-28.037455959684358,0.8303251781101816,-12.409207597174053,-28.022914423952823,0.7924517280173474,-12.508028867659336,0.10682461319233386
25.302007355171327,1.5672009466379468,-29.57745198776957,25.34267895147419,1.6289944772115352,-29.443600963001643,0.15293369804590426
-24.48665508447005,-32.787895727248376,-24.879187709434532,-24.47267165950436,-32.65635773487573,-24.882227569356882,0.1323140973575465
-4.321413073737332,-25.89341413567135,-26.25386582617217,-4.253683258172277,-25.98229596416759,-26.268672115367192,0.1127232609226586
13.801047643773186,23.3639806306425,-16.753409727548828,13.81412234865341,23.34720012150839,-16.74984157468689,0.02157000485283713
2.902193057660508,18.488025478582614,58.27581653628192,2.9051632856367213,18.479859733757433,58.27479431064375,0.008749090697666193
16.180115073464002,-7.899189410837252,14.067639704995074,16.185629151971664,-7.927205817629958,14.073475265479367,0.029144088208914887
-4.572967274179397,-25.954273823366787,-27.54021216910853,-4.544785887205119,-25.99124912201884,-27.546371732875127,0.04689673238080964
18.110832826925613,-8.640114696772065,-22.28969587246182,18.09855396901467,-8.664525420757393,-22.310131067101374,0.03412112215390423
-34.7893606239425,-27.649736209566708,-26.645258045433305,-34.879526856627265,-27.762602105486536,-26.654138029994197,0.14473256062182566
-43.034404213445065,-4.977397955433899,-20.336241705473693,-43.04367518122053,-4.9714128670913915,-20.333615393218594,0.011343264169667069
3.0085959110489044,2.1369430394332127,-21.919971293129887,3.0135399555354176,2.144593867753549,-21.930440537334558,0.01387745740721022
-26.90856360796707,6.992644570584622,-15.637093825627101,-26.907778048865648,6.977447377195888,-15.65888133638839,0.02657569218608775
32.86747844321038,17.731824249559487,-13.222477737749536,32.83055523282399,17.703367319341467,-13.219247447088456,0.046728525767736666
11.241792332017278,17.826835982262693,-12.52652104867367,11.306220626296724,17.84642449117939,-12.508922051485794,0.06960200778251471
8.794336963886622,23.82334375794168,-3.990678710402996,8.836144245957549,23.78064411948491,-3.972394734153154,0.06249329360820876
34.94263024464042,15.674923541108127,-0.4792124562083749,34.922260389440545,15.655627235098104,-0.47444711173703497,0.02846026940186669
-9.000665883020707,-26.936734356878045,-36.087774866478746,-9.036941178246868,-26.877938420972015,-36.05368881813271,0.07703711971939044
14.85510218850472,-4.766880914941783,57.2207943655909,14.888373208899514,-4.823485250167865,57.225926094216355,0.0658585317417784
4.9605554274196395,21.766193692209622,33.370576368854216,4.9647718747890535,21.823342835232946,33.381793644796055,0.058392039322791085
38.25890406081554,2.025483794766656,8.347897578876509,38.259689035466316,2.025371252876451,8.348489381655341,0.0009894854260947485
-3.0865278633865056,-4.592236053524861,56.195290260525496,-3.0749056198418883,-4.58092338060419,56.195167056161054,0.016219380164972083
-7.253677858155314,-23.896610108226213,-14.613201242357125,-7.29102964220834,-23.82452322261903,-14.665291352298878,0.09646270990507133
-10.759454954556658,8.672483491099042,11.886113708034008,-10.840719842524676,8.716141229094191,11.863557571483009,0.09496714905384417
4.124622320625212,12.726082144690867,63.14838881732896,4.125742391586941,12.728420392956107,63.18170140825163,0.03341333084099608
-8.723945822807748,25.186135422563105,27.512351772769197,-8.72932772132327,25.094205960871047,27.48958478322916,0.0948595096515878
-41.306518430851185,-18.36395745146574,-29.56744368133719,-41.31432685197602,-18.366482507412698,-29.572338095352567,0.0095552413131143
28.13368728131083,-0.8396183096535959,20.879294041887558,28.02220892797302,-0.7886602932745392,20.822530427383217,0.13507868309913054
-12.03394597081709,10.407993587932426,-24.1825313584767,-12.074322768188734,10.343019321372298,-24.170889433540104,0.07737877937294424
8.338785574894269,22.30301420597799,31.225234164690555,8.335092052777991,22.39324558943705,31.23521985209888,0.09085735313983402
11.741927994717207,24.556652182236444,-8.463992300220976,11.849321296585813,24.45297874750859,-8.421796461802874,0.15511928034360636
8.323274223296874,25.683948775938394,6.669864996181634,8.26318602705998,25.822213042602108,6.690852485401272,0.1522106220564242
12.941667174199473,19.967939673320565,60.532529243355214,13.030354314902846,20.07421855288444,60.55530802477247,0.14028357726529206
20.808142354544948,9.248783092835785,61.719860788939,20.863934484674626,9.255900960173395,61.73729714043552,0.058885075981552334
2.4263499770628987,23.752368027531972,23.66845642225164,2.4243425075592233,23.737398216726213,23.667766245480728,0.015119573847946694
-38.6121082194414,-20.99648769962586,-16.477408939679588,-38.46660162390713,-20.90921728573136,-16.578630385570793,0.197570431982106
-15.324629484792734,11.289188277764325,-29.598737762097443,-15.36584049862874,11.198075432645082,-29.583370429489783,0.10117338147254436
-4.244941216051081,17.092807612058838,45.4817544825483,-4.268225977571536,17.106057602050235,45.496780451737706,0.0307168049106329
28.955140609353514,-5.140648199697932,12.803051688792898,28.9919734515114,-5.249605405831868,12.862573022409382,0.1295033597457043
-9.092767938623512,22.778427603559336,18.37725161721886,-9.07592696085866,22.69947250442727,18.43292719109079,0.098067811931334
-16.79626140968256,1.4880815219709227,-1.4083442008876967,-16.709944369719743,1.4177656417944866,-1.4306365906862824,0.11354252523112975
-28.01447330865879,-14.149231100202881,-47.525469389749794,-28.04222886351347,-14.164779361659727,-47.5953667382766,0.07679686576090791
-31.43904284471361,-28.05326032424536,-35.58916673199363,-31.456597233949807,-28.08298966712873,-35.601617037928044,0.03670150579464005
-23.223298504117594,11.850719045064931,-21.481394475556602,-23.214904716121264,11.782602329928448,-21.485728642471965,0.06876865245707628
20.129071920102696,-9.886207128578453,4.63182808281032,20.13912888974031,-9.903934717094936,4.639832258199166,0.021896959984367942
-44.255316321912034,-8.66748866204277,-25.065951686625468,-44.36966757823669,-8.677378143073074,-25.09494468601183,0.11838329979981645
-8.275038508269724,-18.519654201685267,-7.586188582061072,-8.275006339936397,-18.52742931565916,-7.577254038390354,0.011843964822333335
-13.707159570650234,-28.7204317288305,-37.37290987497738,-13.720333752761455,-28.673106184355998,-37.34917215424297,0.05455956029673132
21.99311210537275,-5.819443982326533,17.067440167395382,22.016135642835774,-5.910219171062798,17.092229250659006,0.0968747480846642
11.273968667783597,-4.227000026933609,63.316620664334046,11.274365485761695,-4.226887732450745,63.32852313381167,0.011909611841873736
1.788422999474668,-16.937858469483444,-24.48410162989335,1.825464095803508,-16.961300831831018,-24.501395100142183,0.04712378680586232
-3.80362955582578,-23.502009947669812,-18.73223024179681,-3.8139205388066433,-23.48705384703,-18.736225384318335,0.018588987084508908
30.060670980539808,9.618470772584834,18.55175921140401,30.0665681313701,9.620857993040072,18.55417304134,0.0068045414523638615
-28.74663274594115,-29.366671354569412,-35.35043566795002,-28.78179557812293,-29.475945669649445,-35.415185994213445,0.1317949371352091
-39.866379359788176,-14.70241957675257,-35.160332021641224,-39.92902466601706,-14.707466026597555,-35.165691686425575,0.06307635892431346
17.30631167710422,20.40127963273654,-29.572588338004692,17.298366896029922,20.389156353883575,-29.554416572852432,0.023244493653644862
-11.478132802883994,-3.022830020402412,-45.765640326858254,-11.520957051224975,-3.0534984340361313,-45.71358444982014,0.07405593949837347
19.78085821854801,21.39978089568731,26.21916230487248,19.774693656144613,21.388315962325265,26.216847117986745,0.01322144534222346
-34.677092349911945,-1.166115841865438,-42.456923007531216,-34.635291906493954,-1.2144559229345684,-42.381337123158204,0.09898114176024443
-34.59726503990869,5.104926292054218,-17.527956456526628,-34.62361236727381,5.130683317406664,-17.521383248774526,0.03742743745494512
-26.51125221899041,-4.784611444728009,-47.83901424234659,-26.501438057334326,-4.7625240913560685,-47.88154797199225,0.04892123368802094
-0.8376030764621694,11.479665623382164,-5.537760153319463,-0.7775968712827135,11.40547903678557,-5.498863589299503,0.10304046284568157
9.396347091620957,-9.652712838972098,-22.121295215634323,9.401196977887642,-9.664005264757408,-22.138676937265426,0.02128766130362046
-40.380386373677545,1.0275349372343396,-27.159110490110645,-40.491099983552935,1.1023868130615633,-27.16605428002176,0.1338227295522902
9.598445348052381,9.874035216725614,-12.70593214742095,9.603460387567035,9.930583106622224,-12.753787484825391,0.07424922754604997
-26.181507304598536,-10.463171024751494,-48.412578513862115,-26.180078153879705,-10.462782350079312,-48.40240022949639,0.010285475798801465
-26.582814490069552,11.417265463516692,-25.241290210797917,-26.62573496493535,11.53428890061751,-25.232516585611574,0.12495450569108955
-7.0736761040054414,-20.40955243624099,-10.145106771386207,-7.071341522155057,-20.413028988457288,-10.139710258371734,0.006830742305501509
-12.915189770152931,4.806615329363026,2.0500786838370835,-12.945743842949124,4.844437609138027,2.0533777483080335,0.0487335617228702
8.729415281768702,22.998523408849643,-5.4978130026080985,8.786396250133475,22.95501908258213,-5.461029613570412,0.0805758950857837
14.21579277412934,-15.954500463689195,-13.232078713720588,14.25192175969099,-15.8314647405185,-13.180974082198302,0.1380390384524534
-29.702966184647146,-12.109897249729622,-47.25833799799803,-29.7170663055022,-12.115362329774687,-47.308761631148464,0.052642409596409034
-6.586612801237557,3.025459581170438,56.22454039839697,-6.734328371492514,3.0055637315044703,56.216931405689195,0.1492435301770405
16.62188590081627,-5.002751080177317,45.396659926851655,16.528844284776703,-4.844456375573637,45.38019177494782,0.18435063289272732
-26.295781885065622,-19.353535848004526,-7.114774060876017,-26.3136157602026,-19.34780772457621,-6.991805803980872,0.1243866982608738
-10.58100634138424,6.959458584411906,23.70573540804968,-10.580852023926393,6.959521094975629,23.705704753862182,0.0001692959762793909
11.456212642168325,19.6601143333531,-22.65554484947363,11.510628900037684,19.63646834606313,-22.660434009822502,0.05953289615279184
-23.19945858217425,1.3014867282323765,-11.062824783830106,-23.132014242461292,1.2348128989578968,-11.137749214726915,0.12086276852137035
-16.577648973964614,-31.622781348743114,-22.59383407231309,-16.522023617632758,-31.82807047850219,-22.55570255865219,0.21608289936585648
21.86772268007981,10.328306949533529,56.01926496153757,21.624370652975106,10.286174176958394,55.98905371485221,0.2488133819695448
-1.8362541617369024,-5.778144444801422,41.07417543114375,-1.8346826947613155,-5.774045563370401,41.07435141504687,0.004393325366404247
-6.355620974568452,10.143156379825466,53.340469638691,-6.184256981766813,10.083698063142654,53.33739765770244,0.1814120903326662
24.493965822752124,-11.353575881571537,-1.6455093946998736,24.492185533546444,-11.33823806087496,-1.6531284976572516,0.017218272365464183
9.28381221480478,23.70710493184052,-5.113537448284892,9.281811558881396,23.709156140921145,-5.114788923091666,0.0031267030572482554
-13.046901506574944,10.701332176566607,-25.227437699561538,-13.022003314950616,10.741405442386437,-25.234607478181072,0.047719936138697856
22.99151463813756,22.80918255062475,12.708632900520158,23.037046477491607,22.92931554359468,12.735220678721731,0.1311944905267443
13.328515301651725,22.19218254371719,38.5878675465969,13.324782813780669,22.21608624318992,38.587258120126144,0.02420102714376844
11.182677059687764,25.34447036779191,13.409623924398895,11.192380934263744,25.23520228451732,13.381192669020527,0.11332261683653393
10.936389948019853,23.598705205706207,23.895658453557182,10.93379580564551,23.50853791651655,23.877745944635226,0.09196590449916532
18.174850683235782,23.966910295396097,14.735648853476937,18.222700832193667,24.123918408373388,14.767324457021727,0.16716616929244268
24.245491959800376,-14.747480019680697,-14.417457736479035,24.316859784424324,-14.862624701988127,-14.423106553950165,0.13558603686978635
-7.170742507275571,-1.2874125722805845,30.103751559987717,-7.1781595259047535,-1.2883614291719636,30.105152178139488,0.007607511153657155
21.139973130744696,-11.592090760054694,-21.33549361980036,21.139763864572114,-11.593088081052839,-21.33861292588821,0.003281541097419699
2.680873204551608,-18.014479812016955,-11.686302194521776,2.6725467989253198,-18.000467744644304,-11.691596612812958,0.01713761733004952
-12.583441358176312,4.724407411280242,11.23671342038982,-12.465013911965597,4.7070447514387315,11.22126981760454,0.1206856529988294
-40.06698577105601,1.7128429770595028,-28.583359339776468,-40.029607542697775,1.6868487954592124,-28.581955865777164,0.045549963463613806
-0.952170289397518,12.231627893168648,-3.1635896711538884,-0.9869789329032216,12.281423576981494,-3.1844754710408205,0.06424537668979173
4.7806667142016055,4.676730531096464,63.35514310257072,4.783841776169257,4.67870488614878,63.390315379144404,0.03537044155429988
